generate_random_vector
50000 55000 60000 65000 70000 75000 80000 85000 90000 95000 
44.45 47.99 53.21 62.41 65.66 69.78 72.75 78.69 81.14 85.86 
generate_random_vector
50000 55000 60000 65000 70000 75000 80000 85000 90000 95000 
24.35 26.34 28.74 32.78 35.75 39.37 43.07 46.16 48.05 50.15 
generate_random_vector
50000 55000 60000 65000 70000 75000 80000 85000 90000 95000 
11.07 12.29 13.81 15.44 18.24 18.46 22.62 20.73 23.31 23.39 
generate_random_vector
50000 55000 60000 65000 70000 75000 80000 85000 90000 95000 
11.28 12.28 15.01 15.53 16.91 19.21 20.28 21.25 22.06 23.38 