generate_random_vector
50000 55000 60000 65000 70000 75000 80000 85000 90000 95000 
23822 27776 31289 38277 43218 52876 60241 68866 70735 90461 
generate_random_vector
50000 55000 60000 65000 70000 75000 80000 85000 90000 95000 
44.45 47.99 53.21 62.41 65.66 69.78 72.75 78.69 81.14 85.86 
generate_random_vector
50000 55000 60000 65000 70000 75000 80000 85000 90000 95000 
8517 10444 12302 14309 16491 18942 21478 24358 27304 30416 
generate_random_vector
33000 34000 35000 36000 37000 38000 39000 40000 41000 42000 
13.875 14.12 14.945 15.35 15.655 16.385 16.36 16.915 17.81 18.89 
generate_random_vector
50000 55000 60000 65000 70000 75000 80000 85000 90000 95000 
23.74 27.06 30.11 35.55 34.81 37.69 44.89 44.29 46.97 51.28 
generate_random_vector
50000 55000 60000 65000 70000 75000 80000 85000 90000 95000 
68.14 72.57 77.99 85.85 98.41 104.16 111.96 125.66 143.79 139.22 
b c s q h m