generate_random_vector
500 550 600 650 700 750 800 850 900 950 
1.136 1.386 1.921 2.732 3.45 3.968 4.555 4.996 5.64 6.403 
generate_random_vector
500 550 600 650 700 750 800 850 900 950 
0.0451 0.0422 0.041 0.0542 0.0608 0.0399 0.0451 0.0427 0.0514 0.088 
generate_random_vector
500 550 600 650 700 750 800 850 900 950 
0.155 0.37 0.548 0.778 1.157 1.302 1.667 2.088 2.153 2.487 
generate_random_vector
500 550 600 650 700 750 800 850 900 950 
1.136 1.386 1.921 2.732 3.45 3.968 4.555 4.996 5.64 6.403 
generate_random_vector
550 600 650 700 750 800 850 900 950 
0.009 0.055 0.033 0.042 0.011 0.019 0.006 0.09 0.136 
generate_random_vector
550 600 650 700 750 800 850 900 950 
0.10861 0.11006 0.12611 0.13732 0.14526 0.16517 0.18137 0.21015 0.22464 
b c s q h m