generate_random_vector
500 550 600 650 700 750 800 850 900 950 
1.136 1.386 1.921 2.732 3.45 3.968 4.555 4.996 5.64 6.403 
generate_good_vector
500 550 600 650 700 750 800 850 900 950 
0.143 0.308 0.514 0.761 0.986 1.302 1.539 1.779 2.234 2.568 
generate_bad_vector
500 550 600 650 700 750 800 850 900 950 
1.289 1.704 2.24 2.782 3.391 4.053 4.874 6.311 6.422 7.155 
generate_random_vector
50000 55000 60000 65000 70000 75000 80000 85000 90000 95000 
23822 27776 31289 38277 43218 52876 60241 68866 70735 90461 
generate_good_vector
50000 55000 60000 65000 70000 75000 80000 85000 90000 95000 
22972 15028 13457 15445 17651 19637 23212 25625 28571 32842 
generate_bad_vector
50000 55000 60000 65000 70000 75000 80000 85000 90000 95000 
21434 25280 30116 35004 40716 46661 53807 61453 70820 76917
N(small) = 1000; N(huge) = 10