selection_sort
generate_random_vector
500 550 600 650 700 750 800 850 900 950 
0 0 0 0 0 1 1 1 2 2 
generate_good_vector
500 550 600 650 700 750 800 850 900 950 
0 0 0 0 0 1 1 1 1 2 
generate_bad_vector
500 550 600 650 700 750 800 850 900 950 
0 0 0 0 0 1 1 1 2 2 
generate_random_vector
50000 55000 60000 65000 70000 75000 80000 85000 90000 95000 
8517 10444 12302 14309 16491 18942 21478 24358 27304 30416 
generate_good_vector
50000 55000 60000 65000 70000 75000 80000 85000 90000 95000 
8395 10161 12050 14183 16427 18922 21670 24700 27825 31011 
generate_bad_vector
50000 55000 60000 65000 70000 75000 80000 85000 90000 95000 
8802 10624 12664 14806 17063 19943 22748 26795 28859 31606 

bubble_sort
generate_random_vector
500 550 600 650 700 750 800 850 900 950 
1 2 3 3 3 4 5 5 6 7 
generate_good_vector
500 550 600 650 700 750 800 850 900 950 
0 0 0 0 1 1 2 2 2 4 
generate_bad_vector
500 550 600 650 700 750 800 850 900 950 
2 2 2 3 4 4 5 6 8 9 
generate_random_vector
50000 55000 60000 65000 70000 75000 80000 85000 90000 95000 
23822 42776 31289 38277 43218 52876 60241 68866 70735 111461 
generate_good_vector
50000 55000 60000 65000 70000 75000 80000 85000 90000 95000 
22972 15028 13457 15445 17651 19637 23212 25625 28571 32842 
generate_bad_vector
50000 55000 60000 65000 70000 75000 80000 85000 90000 95000 
21434 25280 30116 35004 40716 46661 53807 61453 70820 76917
N(small) = 1000; N(huge) = 10
