generate_random_vector
500 550 600 650 700 750 800 850 900 950 
1.136 1.386 1.921 2.732 3.45 3.968 4.555 4.996 5.64 6.403 
generate_good_vector
500 550 600 650 700 750 800 850 900 950 
0.143 0.308 0.514 0.761 0.986 1.302 1.539 1.779 2.234 2.568 
generate_bad_vector
500 550 600 650 700 750 800 850 900 950 
1.289 1.704 2.24 2.782 3.391 4.053 4.874 6.311 6.422 7.155 
generate_random_vector
33000 34000 35000 36000 37000 38000 39000 40000 41000 42000 
13.875 14.12 14.945 15.35 15.655 16.385 16.36 16.915 17.81 18.89 
generate_good_vector
33000 34000 35000 36000 37000 38000 39000 40000 41000 42000 
12.66 13.2 13.29 13.575 13.885 14.46 15.665 15.955 16.825 17.48 
generate_bad_vector
33000 34000 35000 36000 37000 38000 39000 40000 41000 42000 
12.31 12.88 12.625 12.8 13.055 13.92 14.265 14.835 15.195 15.18 
N(small) = 100000; N(huge) = 200
