generate_random_vector
500 550 600 650 700 750 800 850 900 950 
1.136 1.386 1.921 2.732 3.45 3.968 4.555 4.996 5.64 6.403 
generate_good_vector
500 550 600 650 700 750 800 850 900 950 
0.143 0.308 0.514 0.761 0.986 1.302 1.539 1.779 2.234 2.568 
generate_bad_vector
500 550 600 650 700 750 800 850 900 950 
1.289 1.704 2.24 2.782 3.391 4.053 4.874 6.311 6.422 7.155 
generate_random_vector
50000 55000 60000 65000 70000 75000 80000 85000 90000 95000 
20234.7 24593.3 29001.4 34227.8 39165.1 44998.6 51129.2 57742