selection_sort
generate_random_vector
500 550 600 650 700 750 800 850 900 950 
0 0 0 0 0 1 1 1 2 2 
generate_good_vector
500 550 600 650 700 750 800 850 900 950 
0 0 0 0 0 1 1 1 1 2 
generate_bad_vector
500 550 600 650 700 750 800 850 900 950 
0 0 0 0 0 1 1 1 2 2 
generate_random_vector
50000 55000 60000 65000 70000 75000 80000 85000 90000 95000 
8517 10444 12302 14309 16491 18942 21478 24358 27304 30416 
generate_good_vector
50000 55000 60000 65000 70000 75000 80000 85000 90000 95000 
8395 10161 12050 14183 16427 18922 21670 24700 27825 31011 
generate_bad_vector
50000 55000 60000 65000 70000 75000 80000 85000 90000 95000 
8802 10624 12664 14806 17063 19943 22748 26795 28859 31606 

bubble_sort
generate_random_vector
500 550 600 650 700 750 800 850 900 950 
1 2 3 3 3 4 5 5 6 7 
generate_good_vector
500 550 600 650 700 750 800 850 900 950 
0 0 0 0 1 1 2 2 2 4 
generate_bad_vector
500 550 600 650 700 750 800 850 900 950 
2 2 2 3 4 4 5 6 8 9 
generate_random_vector
50000 55000 60000 65000 70000 75000 80000 85000 90000 95000 
23822 42776 31289 38277 43218 52876 60241 68866 70735 111461 
generate_good_vector
50000 55000 60000 65000 70000 75000 80000 85000 90000 95000 
22972 15028 13457 15445 17651 19637 23212 25625 28571 32842 
generate_bad_vector
50000 55000 60000 65000 70000 75000 80000 85000 90000 95000 
21434 25280 30116 35004 40716 46661 53807 61453 70820 76917
N(small) = 1000; N(huge) = 10

generate_random_vector
500 550 600 650 700 750 800 850 900 950 
1.136 1.386 1.921 2.732 3.45 3.968 4.555 4.996 5.64 6.403 
generate_good_vector
500 550 600 650 700 750 800 850 900 950 
0.143 0.308 0.514 0.761 0.986 1.302 1.539 1.779 2.234 2.568 
generate_bad_vector
500 550 600 650 700 750 800 850 900 950 
1.289 1.704 2.24 2.782 3.391 4.053 4.874 6.311 6.422 7.155 
generate_random_vector
50000 55000 60000 65000 70000 75000 80000 85000 90000 95000 
20234.7 24593.3 29001.4 34227.8 39165.1 44998.6 51129.2 57742


generate_random_vector
33000 34000 35000 36000 37000 38000 39000 40000 41000 42000 
16.8 12.3 16.3 9.1 10.9 14.3 18.2 14.9 10.7 11.4 
generate_good_vector
33000 34000 35000 36000 37000 38000 39000 40000 41000 42000 
2920.5 3197.4 3530.8 3674.1 6370.7 8075.3 6229.6 3938.6 4151.4 4382 
generate_bad_vector
33000 34000 35000 36000 37000 38000 39000 40000 41000 42000 
2737.3 2898 3797.3 4394 3431.4 3642.5 3813.7 4011.3 4220.2 4633.4 
N(small) = 1000; N(huge) = 10

merge
generate_random_vector
500 550 600 650 700 750 800 850 900 950 
0.2061 0.1794 0.2026 0.2567 0.2985 0.306 0.2824 0.349 0.4128 0.3225 
generate_good_vector
500 550 600 650 700 750 800 850 900 950 
0.0871 0.128 0.1613 0.1963 0.2512 0.2272 0.269 0.32 0.3333 0.2794 
generate_bad_vector
500 550 600 650 700 750 800 850 900 950 
0.1024 0.1331 0.1645 0.1604 0.2636 0.3557 0.3445 0.3533 0.4369 0.3824 
generate_random_vector
50000 55000 60000 65000 70000 75000 80000 85000 90000 95000 
83.77 79.59 90.06 88.06 101.09 107.26 114.94 128.59 146.61 157.08 
generate_good_vector
50000 55000 60000 65000 70000 75000 80000 85000 90000 95000 
70.48 77.1 78.3 79.17 92.97 96.47 107.8 111.3 122.68 133.52 
generate_bad_vector
50000 55000 60000 65000 70000 75000 80000 85000 90000 95000 
67.82 72.54 76.48 79.85 96.21 141.53 271.97 146.14 259.28 316.95 
N(small) = 10000; N(huge) = 100



heap
generate_random_vector
50000 55000 60000 65000 70000 75000 80000 85000 90000 95000 
23.74 27.06 30.11 35.55 34.81 37.69 44.89 44.29 46.97 51.28 
generate_good_vector
50000 55000 60000 65000 70000 75000 80000 85000 90000 95000 
20.78 23.57 25.92 27.77 30.57 33.24 35.86 40.1 40.83 43.63 
generate_bad_vector
50000 55000 60000 65000 70000 75000 80000 85000 90000 95000 
20.56 23.16 26.81 27.54 31.23 34.43 33.76 36.49 38.44 40.39 
N(small) = 10000; N(huge) = 100