generate_random_vector
500 550 600 650 700 750 800 850 900 950 
0.0204 0.022 0.0371 0.0384 0.0451 0.0519 0.0441 0.0365 0.0365 0.031 
generate_good_vector
500 550 600 650 700 750 800 850 900 950 
0.0193 0.0284 0.0285 0.0252 0.0289 0.0298 0.0259 0.0338 0.0283 0.0515 
generate_bad_vector
500 550 600 650 700 750 800 850 900 950 
0.0119 0.0234 0.0152 0.0392 0.0409 0.0467 0.0376 0.0587 0.0515 0.0266 
generate_random_vector
50000 55000 60000 65000 70000 75000 80000 85000 90000 95000 
23.74 27.06 30.11 35.55 34.81 37.69 44.89 44.29 46.97 51.28 
generate_good_vector
50000 55000 60000 65000 70000 75000 80000 85000 90000 95000 
20.78 23.57 25.92 27.77 30.57 33.24 35.86 40.1 40.83 43.63 
generate_bad_vector
50000 55000 60000 65000 70000 75000 80000 85000 90000 95000 
20.56 23.16 26.81 27.54 31.23 34.43 33.76 36.49 38.44 40.39 
N(small) = 10000; N(huge) = 100
