generate_random_vector
500 550 600 650 700 750 800 850 900 950 
0.2061 0.1794 0.2026 0.2567 0.2985 0.306 0.2824 0.349 0.4128 0.3225 
generate_good_vector
500 550 600 650 700 750 800 850 900 950 
0.0871 0.128 0.1613 0.1963 0.2512 0.2272 0.269 0.32 0.3333 0.2794 
generate_bad_vector
500 550 600 650 700 750 800 850 900 950 
0.1024 0.1331 0.1645 0.1604 0.2636 0.3557 0.3445 0.3533 0.4369 0.3824 
generate_random_vector
50000 55000 60000 65000 70000 75000 80000 85000 90000 95000 
83.77 79.59 90.06 88.06 101.09 107.26 114.94 128.59 146.61 157.08 
generate_good_vector
50000 55000 60000 65000 70000 75000 80000 85000 90000 95000 
70.48 77.1 78.3 79.17 92.97 96.47 107.8 111.3 122.68 133.52 
generate_bad_vector
50000 55000 60000 65000 70000 75000 80000 85000 90000 95000 
67.82 72.54 76.48 79.85 96.21 141.53 271.97 146.14 259.28 316.95 
N(small) = 10000; N(huge) = 100