generate_random_vector
500 550 600 650 700 750 800 850 900 950 
0.155 0.37 0.548 0.778 1.157 1.302 1.667 2.088 2.153 2.487 
generate_good_vector
500 550 600 650 700 750 800 850 900 950 
0.246 0.31 0.527 0.782 0.946 1.126 1.417 1.756 2.116 2.352 
generate_bad_vector
500 550 600 650 700 750 800 850 900 950 
0.206 0.318 0.545 0.62 1.012 1.208 1.545 1.765 5.112 9.317 
generate_random_vector
50000 55000 60000 65000 70000 75000 80000 85000 90000 95000 
21109.9 30047.1 20579.5 32284.1 120805 58646.5 47619.2 26520 30059 33522.9 
generate_good_vector
50000 55000 60000 65000 70000 75000 80000 85000 90000 95000 
9188.1 10992.3 13147.9 15455.2 17904.7 20638.5 23335.5 26482.5 29587.3 33220.5 
generate_bad_vector
50000 55000 60000 65000 70000 75000 80000 85000 90000 95000 
9038.9 12881.7 13326.5 15408.3 17950.6 20707.1 23218.2 26342 30028.2 33088.2 
N(small) = 1000; N(huge) = 10
