generate_random_vector
500 550 600 650 700 750 800 850 900 950 
0.0451 0.0422 0.041 0.0542 0.0608 0.0399 0.0451 0.0427 0.0514 0.088 
generate_good_vector
500 550 600 650 700 750 800 850 900 950 
0.0484 0.0486 0.0493 0.0492 0.0604 0.0679 0.0482 0.0598 0.0854 0.097 
generate_bad_vector
500 550 600 650 700 750 800 850 900 950 
0.0131 0.0318 0.0414 0.0364 0.0812 0.0861 0.0424 0.0574 0.0551 0.0689 
generate_random_vector
50000 55000 60000 65000 70000 75000 80000 85000 90000 95000 
44.45 47.99 53.21 62.41 65.66 69.78 72.75 78.69 81.14 85.86 
generate_good_vector
50000 55000 60000 65000 70000 75000 80000 85000 90000 95000 
36.57 40.18 43.65 48.47 52.02 56.1 61.06 65.82 68.93 73.02 
generate_bad_vector
50000 55000 60000 65000 70000 75000 80000 85000 90000 95000 
38.02 41.55 45.24 50.53 54.27 58.4 64.67 67.09 71.46 75.99 
N(small) = 10000; N(huge) = 100
