generate_random_vector
550 600 650 700 750 800 850 900 950 
0.009 0.055 0.033 0.042 0.011 0.019 0.006 0.09 0.136 
generate_good_vector
550 600 650 700 750 800 850 900 950 
0.064 0.005 0.009 0.016 0.058 0.036 0.018 0.022 0.042 
generate_bad_vector
550 600 650 700 750 800 850 900 950 
0.003 0.017 0.002 0.076 0.086 0.088 0.112 0.014 0.058 
generate_random_vector
50000 55000 60000 65000 70000 75000 80000 85000 90000 95000 
23.74 27.06 30.11 35.55 34.81 37.69 44.89 44.29 46.97 51.28 
generate_good_vector
50000 55000 60000 65000 70000 75000 80000 85000 90000 95000 
20.78 23.57 25.92 27.77 30.57 33.24 35.86 40.1 40.83 43.63 
generate_bad_vector
50000 55000 60000 65000 70000 75000 80000 85000 90000 95000 
20.56 23.16 26.81 27.54 31.23 34.43 33.76 36.49 38.44 40.39 
N(small) = 10000; N(huge) = 100
