generate_random_vector
550 600 650 700 750 800 850 900 950 
0.10861 0.11006 0.12611 0.13732 0.14526 0.16517 0.18137 0.21015 0.22464 
generate_good_vector
550 600 650 700 750 800 850 900 950 
0.09834 0.11626 0.12059 0.14198 0.16121 0.17955 0.20204 0.21356 0.23952 
generate_bad_vector
550 600 650 700 750 800 850 900 950 
0.09918 0.13925 0.15067 0.16009 0.17713 0.20265 0.1935 0.2281 0.23603 
generate_random_vector
50000 55000 60000 65000 70000 75000 80000 85000 90000 95000 
83.77 79.59 90.06 88.06 101.09 107.26 114.94 128.59 146.61 157.08 
generate_good_vector
50000 55000 60000 65000 70000 75000 80000 85000 90000 95000 
70.48 77.1 78.3 79.17 92.97 96.47 107.8 111.3 122.68 133.52 
generate_bad_vector
50000 55000 60000 65000 70000 75000 80000 85000 90000 95000 
67.82 72.54 76.48 79.85 96.21 111.53 135.97 146.14 176.28 201.95 
N(small) = 100000; N(huge) = 100
